# Angle (deg), Power (dBm)
-88 -18.394212
0 -14.9218216
60 -20.7647396
61 -20.7826357
62 -20.7893877
63 -20.7963138
64 -20.8032161
65 -20.8090272
66 -20.8134526
67 -20.8148208
68 -20.8146317
69 -20.8102597
70 -20.8095625
71 -20.8104444
72 -20.8111669
73 -20.8165323
74 -20.8161538
75 -20.8193869
76 -20.8209654
77 -20.8223865
78 -20.8221696
79 -20.8228919
80 -20.8248551
81 -20.824792
82 -20.8248446
83 -20.8267054
84 -20.8255255
85 -20.8272118
86 -20.8265036
87 -20.8273192
88 -20.8281583
89 -20.8289051
90 -20.8300312
91 -20.8279815
92 -20.8266874
93 -20.8275452
94 -20.8275583
95 -20.825965
96 -20.8258344
97 -20.8249158
98 -20.8253835
99 -20.826024
100 -20.8220265
101 -20.8227494
102 -20.8229388
103 -20.8220146
104 -20.8220041
105 -20.8194533
106 -20.8199741
107 -20.8168341
108 -20.8173198
109 -20.8143812
110 -20.8144708
111 -20.8109696
112 -20.806972
113 -20.8047512
114 -20.8010776
115 -20.797989
116 -20.7958671
117 -20.7932296
118 -20.7901735
119 -20.7864313
120 -20.7829032
121 -20.780071
122 -20.7782279
123 -20.7726491
124 -20.7684426
125 -20.7642152
126 -20.7610473
127 -20.7581704
128 -20.7547642
129 -20.7524014
130 -20.7491594
131 -20.7450057
132 -20.740547
133 -20.7376714
134 -20.7331086
135 -20.7299883
136 -20.726829
137 -20.7212049
138 -20.7187412
139 -20.7126097
140 -20.706768
141 -20.699674
142 -20.6936634
143 -20.6845652
144 -20.6766819
145 -20.6671962
146 -20.6558264
147 -20.6450082
148 -20.6325887
149 -20.619292
150 -20.6054107
151 -20.5930604
152 -20.5786525
153 -20.5655101
154 -20.5472789
155 -20.5285658
156 -20.5084016
157 -20.4892956
158 -20.4649674
159 -20.4389068
160 -20.4068157
161 -20.3703149
162 -20.3237022
163 -20.2738486
164 -20.2136697
165 -20.1427409
166 -20.060397
167 -19.9673708
168 -19.860727
169 -19.7276969
170 -19.5711235
171 -19.3730647
172 -19.1434101
173 -18.8676247
174 -18.544128
175 -18.2372477
176 -17.933479
177 -17.6358441
178 -17.3870079
179 -17.152744
0 -14.9236399
-88 -18.3941382
