# Angle (deg), Power (dBm)
-88 -18.4057867
0 -14.9253186
60 -20.7887173
63 -20.8046118
66 -20.8129617
69 -20.8205562
72 -20.8274186
75 -20.8328867
78 -20.8371753
81 -20.8370309
84 -20.8411415
87 -20.8443068
90 -20.8440766
93 -20.8449333
96 -20.8492543
99 -20.8468269
102 -20.8456933
105 -20.8368308
108 -20.8285848
111 -20.8232143
114 -20.8186843
117 -20.8145873
120 -20.8082403
123 -20.8017729
126 -20.7932185
129 -20.7821882
132 -20.7713467
135 -20.7595626
138 -20.7460061
141 -20.7307869
144 -20.7092964
147 -20.6863107
150 -20.6545457
153 -20.6128062
156 -20.5588799
159 -20.4844698
162 -20.3730641
165 -20.2081843
168 -19.9337525
171 -19.5079567
174 -18.8085997
177 -17.9266261
0 -14.8873705
-88 -18.3671205
