# Angle (deg), Power (dBm)
-88 -18.3573079
0 -14.8843925
60 -20.7559095
63 -20.7730234
66 -20.7835172
69 -20.7910631
72 -20.7974155
75 -20.8046934
78 -20.8067379
81 -20.8089438
84 -20.8126822
87 -20.8149172
90 -20.8163757
93 -20.8159182
96 -20.8192455
99 -20.8149753
102 -20.8130683
105 -20.8108003
108 -20.8074479
111 -20.805919
114 -20.8002924
117 -20.7935241
120 -20.7882778
123 -20.7802586
126 -20.7704184
129 -20.7623396
132 -20.7525371
135 -20.741857
138 -20.7288203
141 -20.7115945
144 -20.6923098
147 -20.6671628
150 -20.63348
153 -20.5941733
156 -20.5414618
159 -20.4689633
162 -20.3581526
165 -20.1924524
168 -19.930707
171 -19.4673427
174 -18.7925071
177 -17.9039595
0 -14.8678054
-88 -18.3423577
