# Angle (deg), Power (dBm)
-88 -18.3615502
0 -14.899944
60 -20.7840227
63 -20.7957574
66 -20.8036113
69 -20.8087224
72 -20.8114763
75 -20.8163656
78 -20.8191642
81 -20.8206547
84 -20.8204718
87 -20.8207894
90 -20.8213297
93 -20.8187357
96 -20.8176975
99 -20.8159455
102 -20.8130712
105 -20.8108281
108 -20.8097416
111 -20.8012309
114 -20.7927252
117 -20.78201
120 -20.769901
123 -20.7466889
126 -20.7199363
129 -20.6902102
132 -20.6347506
135 -20.5249071
138 -20.3807611
141 -20.2096892
144 -19.8746143
147 -19.2166615
150 -18.2649567
153 -17.4074693
156 -17.0540525
159 -17.3481927
162 -18.1168172
165 -18.9385403
168 -19.3874539
171 -19.3890829
174 -18.9691919
177 -18.2224752
0 -14.9080942
-88 -18.3596577
