# Angle (deg), Power (dBm)
-88 -18.3683042
0 -14.9060635
60 -20.7953195
63 -20.8032546
66 -20.802
69 -20.8091465
72 -20.8145628
75 -20.8181849
78 -20.8214101
81 -20.8228133
84 -20.8274084
87 -20.8279192
90 -20.8275464
93 -20.8275379
96 -20.8269398
99 -20.8245041
102 -20.8227281
105 -20.8204166
108 -20.8174697
111 -20.8097165
114 -20.8006611
117 -20.7912797
120 -20.7789893
123 -20.7552239
126 -20.7284241
129 -20.6962531
132 -20.6399391
135 -20.5313666
138 -20.3887124
141 -20.2143793
144 -19.8828514
147 -19.2119639
150 -18.2674149
153 -17.4072412
156 -17.0428413
159 -17.3398306
162 -18.1240482
165 -18.9286877
168 -19.3933998
171 -19.3956328
174 -18.9716403
177 -18.2287235
0 -14.9179434
-88 -18.3750361
